10001100000010110000000000000000
00100000000011100000000000000001
00100000000110000000000000000000
00000001011000000100000000101010
00010001000011100000000000010010
00000001011000000010000000100000
00001000000000000000000000000111
00000000100000001001100000100000
00000000100000001100100000100000
00100000000101000000000000000000
00100000000101010000000000001010
00010011001000000000000000001000
00000011001101010000000000011010
00000000000000000111100000010000
00000010100101010000000000011000
00000000000000001011000000010010
00000010110011111010000000100000
00000011001101010000000000011010
00000000000000001100100000010010
00001000000000000000000000001011
00010010011101000000000000000101
00100000000101100000000000000000
00001000000000000000000000011100
00100000000101101111111111111111
10101100000101100000000000000001
00001000000000000000000000011100
00100000000101100000000000000001
00001000000000000000000000011100
00100000000000100000000000001010
00000000000000000000000000001100
